9
80
91
111
131
135
139
156
178
192
194
341
357
377
378
398
405
428
450
494
531
547
550
605
615
631
638
670
700
728
802
826
833
848
891
907
939
980
985
1008
1024
1026
1028
1050
1054
1057
1070
1084
1107
1153
1185
1208
1211
1228
1239
1251
1299
1348
1363
1412
1437
1471
1497
1553
1577
1584
1592
1632
1660
1665
1708
1784
1842
1855
1875
1883
1885
1915
1916
1947
1981
2014
2015
2101
2121
2210
2233
2263
2321
2346
2349
2369
2389
2399
2401
2409
2420
2430
2431
2454
2456
2461
2511
2533
2558
2560
2565
2566
2796
2807
2868
2881
2885
2924
2958
3000
3016
3020
3117
3128
3173
3200
3212
3230
3254
3265
3267
3290
3302
3313
3462
3466
3477
3483
3484
3510
3537
3540
3557
3675
3709
3755
3774
3821
3832
3876
3895
3929
3938
3987
4016
4084
4106
4108
4120
4122
4139
4146
4150
4151
4192
4246
4255
4332
4335
4378
4397
4399
4405
4435
4443
4460
4465
4488
4513
4558
4578
4582
4593
4617
4663
4670
4678
4691
4694
4706
4716
4720
4723
4734
4743
4751
4756
4763
4771
4797
4814
4840
4923
4987
4996
4998
5010
5056
5081
5096
5099
5152
5191
5218
5302
5370
5425
5427
5454
5458
5470
5483
5491
5496
5506
5530
5542
5551
5588
5608
5612
5631
5643
5653
5656
5673
5719
5733
5779
5792
5828
5856
5865
5874
5887
5893
5919
5925
5927
5956
5961
5963
6039
6047
6078
6111
6137
6159
6165
6168
6183
6205
6215
6221
6253
6292
6320
6337
6338
6348
6350
6367
6374
6402
6417
6434
6466
6477
6529
6532
6533
6543
6577
6580
6593
6594
6692
6784
6806
6822
6828
6829
6895
6912
7051
7094
7100
7117
7123
7144
7151
7197
7234
7247
7272
7339
7360
7462
7466
7484
7506
7513
7540
7554
7564
7578
7602
7608
7718
7729
7732
7748
7788
7790
7794
7850
7910
7952
7975
7977
8002
8016
8017
8024
8039
8042
8055
8161
8199
8212
8218
8251
8304
8334
8407
8423
8446
8448
8480
8483
8500
8526
8559
8569
8626
8647
8678
8683
8694
8705
8757
8765
8778
8786
8847
8849
8850
8854
8900
8926
8966
8989
9031
9056
9058
9068
9077
9133
9182
9283
9358
9366
9379
9406
9523
9533
9568
9639
9653
9673
9714
9744
9748
9759
9842
9896
9920
9937
10012
10025
10055
10070
10084
10099
10105
10136
10180
10200
10214
10237
10282
10324
10359
10360
10421
10489
10501
10506
10509
10511
10516
10541
10545
10605
10611
10619
10627
10640
10651
10711
10772
10814
10898
10906
10925
10929
10936
10942
10979
10991
10998
11048
11083
11109
11130
11161
11170
11214
11217
11224
11238
11240
11260
11297
11309
11313
11325
11349
11359
11370
11438
11539
11552
11574
11579
11611
11669
11681
11704
11712
11772
11799
11809
11838
11845
11849
11907
11926
11943
11946
11970
11979
11989
11995
12012
12032
12063
12064
12126
12132
12156
12162
12216
12237
12251
12280
12294
12297
12345
12403
12404
12473
12478
12483
12517
12589
12600
12604
12610
12624
12640
12674
12684
12702
12704
12736
12807
12826
12829
12834
12898
12954
13012
13072
13074
13126
13170
13172
13197
13211
13219
13268
13283
13287
13294
13298
13302
13308
13314
13407
13439
13470
13494
13504
13531
13549
13566
13579
13733
13746
13770
13829
13861
13884
13923
13931
13932
13934
13992
14004
14007
14018
14028
14041
14067
14144
14151
14173
14176
14211
14213
14260
14339
14342
14366
14432
14452
14470
14516
14529
14533
14560
14596
14599
14602
14613
14637
14681
14684
14688
14694
14708
14714
14753
14762
14780
14799
14862
14878
14928
14956
14964
14966
14967
14982
14999
15089
15118
15143
15165
15173
15186
15210
15247
15292
15293
15356
15371
15378
15389
15397
15404
15405
15426
15428
15469
15507
15515
15560
15564
15599
15632
15638
15643
15697
15727
15764
15772
15841
15870
15897
15958
15962
15968
15996
16024
16031
16053
16072
16079
16081
16132
16153
16162
16201
16216
16260
16270
16308
16317
16344
16348
16353
16509
16586
16593
16605
16656
16707
16725
16761
16799
16812
16813
16820
16823
16830
16832
16856
16875
16918
16993
17011
17045
17055
17086
17088
17099
17122
17130
17161
17218
17255
17317
17320
17337
17339
17430
17433
17485
17509
17567
17623
17628
17675
17702
17718
17793
17799
17807
17812
17818
17820
17842
17882
17907
17923
17954
17997
18080
18151
18164
18174
18182
18222
18226
18260
18348
18360
18371
18442
18443
18455
18537
18547
18550
18573
18634
18701
18719
18728
18749
18756
18780
18792
18813
18850
18858
18886
18895
18918
18927
18948
18960
18985
19003
19023
19024
19034
19079
19096
19108
19109
19114
19120
19160
19171
19173
19185
19192
19209
19213
19255
19287
19289
19310
19325
19329
19346
19361
19378
19433
19436
19439
19455
19474
19477
19604
19728
19750
19760
19782
19799
19830
19862
19882
19887
19921
19931
19987
20000
20012
20023
20025
20057
20097
20113
20144
20197
20211
20272
20312
20317
20359
20378
20406
20426
20452
20466
20508
20562
20620
20649
20667
20783
20798
20820
20826
20846
20865
20868
20878
20895
21023
21078
21089
21090
21133
21137
21188
21235
21249
21251
21287
21350
21383
21398
21401
21403
21404
21417
21434
21472
21474
21497
21571
21577
21584
21618
21632
21641
21649
21686
21697
21737
21745
21754
21755
21765
21819
21839
21847
21859
21880
21897
21903
21904
21937
21941
22032
22065
22068
22115
22129
22139
22146
22147
22150
22154
22191
22222
22225
22256
22258
22332
22370
22376
22406
22429
22440
22444
22494
22506
22538
22573
22580
22642
22661
22680
22695
22708
22729
22756
22839
22845
22858
22900
22921
22955
22974
22985
22999
23029
23048
23079
23097
23105
23126
23163
23172
23180
23188
23212
23270
23275
23293
23348
23382
23386
23397
23401
23446
23521
23530
23566
23574
23589
23603
23608
23612
23701
23727
23739
23775
23788
23837
23875
23877
23878
23898
23911
23963
23999
24065
24100
24117
24152
24154
24176
24183
24209
24221
24237
24262
24278
24339
24388
24392
24403
24435
24452
24505
24557
24558
24560
24603
24625
24664
24678
24716
24755
24803
24808
24823
24837
24872
24873
24879
24914
24927
24968
24992
24994
24998
