46
77
83
115
156
225
240
267
297
309
328
344
363
368
369
373
392
407
422
427
437
439
459
493
503
509
529
566
570
581
584
598
622
655
691
702
725
734
748
760
766
768
774
787
799
813
856
868
870
891
897
906
916
918
921
922
950
952
953
955
971
1012
1014
1016
1020
1052
1065
1103
1129
1132
1143
1158
1173
1179
1185
1197
1199
1234
1237
1243
1244
1251
1256
1266
1269
1270
1278
1285
1287
1289
1321
1325
1338
1348
1359
1377
1383
1451
1456
1463
1468
1469
1470
1479
1483
1494
1505
1517
1527
1532
1552
1557
1586
1596
1606
1615
1616
1627
1644
1676
1707
1741
1745
1756
1761
1767
1775
1794
1797
1814
1824
1842
1844
1855
1857
1893
1897
1945
1954
1956
1971
2002
2006
2013
2027
2068
2072
2075
2083
2094
2112
2118
2120
2147
2153
2161
2182
2183
2187
2190
2235
2249
2252
2256
2272
2278
2289
2290
2296
2299
2315
2329
2350
2352
2356
2362
2363
2369
2398
2408
2413
2421
2427
2440
2443
2458
2467
2522
2532
2558
2563
2567
2574
2587
2612
2641
2666
2687
2689
2692
2694
2695
2709
2718
2721
2722
2727
2739
2740
2751
2767
2791
2803
2804
2823
2841
2846
2860
2871
2884
2913
2915
2919
2922
2926
2944
2947
2949
2958
2961
2994
2996
3038
3040
3055
3059
3066
3074
3082
3084
3092
3097
3111
3123
3135
3136
3152
3166
3170
3182
3206
3229
3237
3284
3285
3293
3335
3368
3379
3380
3398
3405
3406
3415
3424
3430
3434
3444
3450
3451
3456
3472
3477
3485
3491
3493
3500
3503
3516
3524
3525
3533
3538
3543
3546
3553
3561
3564
3571
3590
3628
3643
3650
3666
3669
3671
3682
3685
3686
3692
3702
3714
3720
3722
3730
3736
3738
3768
3785
3800
3809
3850
3869
3886
3889
3914
3929
3934
3939
3942
3953
3969
3979
3996
4007
4032
4038
4054
4067
4076
4077
4078
4081
4083
4085
4098
4111
4124
4137
4152
4153
4156
4167
4182
4197
4208
4222
4248
4250
4252
4255
4265
4280
4299
4323
4347
4356
4377
4380
4388
4393
4400
4401
4403
4440
4456
4461
4462
4468
4479
4483
4486
4511
4528
4536
4537
4539
4540
4542
4572
4574
4589
4596
4620
4629
4634
4639
4643
4651
4654
4656
4666
4698
4705
4709
4724
4732
4746
4755
4757
4776
4784
4789
4803
4804
4808
4877
4883
4889
4890
4902
4912
4933
4934
4941
4947
4950
4951
4953
4970
5000
5009
5028
5034
5046
5048
5057
5059
5061
5070
5078
5084
5109
5116
5121
5126
5181
5185
5202
5207
5209
5221
5222
5226
5237
5244
5245
5251
5253
5270
5283
5284
5326
5334
5336
5337
5343
5362
5375
5402
5406
5416
5423
5463
5465
5466
5472
5473
5495
5506
5512
5517
5541
5551
5560
5566
5572
5576
5594
5601
5605
5611
5612
5615
5637
5652
5653
5658
5675
5679
5686
5687
5693
5708
5713
5725
5747
5749
5756
5759
5767
5780
5781
5788
5813
5817
5822
5825
5845
5858
5863
5880
5883
5885
5900
5901
5908
5916
5929
5940
5959
5972
5987
5993
5996
5998
6004
6016
6032
6040
6074
6082
6086
6091
6097
6111
6114
6130
6135
6137
6138
6144
6145
6174
6187
6191
6208
6215
6217
6230
6241
6246
6272
6274
6276
6277
6293
6295
6299
6300
6301
6306
6317
6329
6334
6344
6347
6366
6383
6395
6401
6405
6425
6439
6444
6445
6457
6471
6477
6485
6494
6495
6503
6504
6525
6566
6568
6571
6584
6585
6589
6593
6595
6598
6602
6621
6630
6639
6641
6645
6650
6651
6658
6659
6672
6674
6680
6682
6683
6689
6711
6717
6725
6735
6736
6747
6751
6769
6782
6795
6805
6807
6809
6820
6821
6839
6846
6860
6862
6864
6914
6925
6932
6952
6954
6970
6992
6994
6999
7022
7028
7043
7060
7064
7092
7104
7119
7126
7133
7143
7159
7160
7175
7177
7180
7181
7187
7202
7219
7233
7238
7243
7262
7304
7305
7317
7323
7334
7342
7345
7385
7394
7400
7414
7432
7439
7443
7451
7459
7470
7499
7504
7512
7518
7525
7527
7539
7541
7555
7571
7574
7574
7575
7577
7579
7589
7590
7594
7619
7625
7631
7637
7644
7646
7662
7668
7670
7671
7690
7715
7723
7735
7765
7769
7780
7785
7787
7790
7813
7814
7819
7827
7837
7871
7872
7876
7878
7881
7888
7895
7898
7902
7909
7931
7934
7937
7943
7945
7948
7955
7967
7975
8005
8010
8013
8026
8034
8035
8043
8076
8077
8093
8109
8116
8127
8135
8143
8149
8158
8159
8161
8167
8168
8170
8172
8188
8193
8198
8224
8231
8247
8248
8250
8269
8273
8278
8286
8297
8299
8305
8318
8331
8333
8337
8347
8352
8360
8370
8376
8385
8389
8393
8441
8443
8449
8454
8458
8462
8482
8497
8507
8514
8536
8547
8548
8549
8551
8553
8556
8574
8583
8586
8595
8605
8612
8629
8649
8656
8667
8683
8685
8693
8699
8703
8705
8708
8711
8724
8731
8743
8749
8770
8785
8787
8792
8798
8805
8806
8818
8829
8837
8840
8849
8859
8869
8872
8880
8890
8894
8919
8925
8928
8930
8931
8936
8942
8945
8946
8957
8963
8966
8972
8976
8992
8993
8997
9004
9022
9036
9042
9047
9057
9066
9078
9079
9081
9087
9091
9107
9147
9148
9150
9152
9156
9158
9168
9195
9196
9210
9233
9234
9235
9236
9242
9243
9250
9254
9262
9271
9276
9279
9293
9312
9331
9332
9337
9339
9344
9354
9367
9379
9390
9408
9419
9425
9433
9434
9440
9446
9454
9455
9458
9459
9490
9493
9495
9498
9501
9510
9511
9512
9513
9519
9522
9528
9542
9558
9559
9596
9607
9613
9617
9643
9644
9653
9656
9659
9672
9684
9689
9693
9699
9705
9707
9710
9720
9721
9722
9724
9730
9731
9732
9733
9739
9745
9746
9747
9756
9761
9764
9782
9793
9800
9801
9808
9824
9828
9847
9860
9862
9868
9875
9889
9904
9913
9924
9927
9928
9932
9934
9937
9939
9947
9953
9978
9979
9985
9991
9992
9999
10044
10050
10093
10125
10130
10172
10207
10234
10242
10301
10322
10359
10363
10365
10386
10522
10590
10654
10686
10761
10860
11013
11020
11095
11098
11141
11157
11194
11279
11322
11362
11366
11379
11384
11395
11429
11459
11573
11613
11720
11745
11884
11890
11904
11933
11994
12011
12020
12029
12078
12121
12284
12297
12314
12340
12341
12349
12393
12427
12533
12621
12684
12694
12720
12726
12752
12802
12844
12874
12918
12919
12926
12929
12930
12962
13007
13078
13121
13164
13182
13234
13235
13242
13261
13302
13328
13340
13360
13374
13391
13450
13464
13470
13496
13518
13539
13560
13585
13596
13719
13772
13777
13805
13860
13881
13942
13981
13995
14014
14058
14075
14083
14212
14274
14293
14298
14334
14346
14412
14427
14439
14459
14593
14606
14744
14766
14798
14805
14816
14823
14864
14906
15152
15184
15214
15258
15261
15294
15295
15300
15317
15350
15426
15439
15458
15519
15554
15595
15658
15730
15802
15889
15987
16017
16023
16064
16091
16099
16127
16236
16250
16304
16329
16331
16470
16482
16504
16506
16516
16598
16622
16636
16718
16761
16801
17011
17025
17032
17079
17136
17189
17204
17271
17290
17302
17313
17329
17342
17388
17421
17423
17476
17553
17562
17607
17638
17643
17652
17663
17692
17709
17770
17788
17873
17879
17941
17948
17963
17970
17993
18014
18093
18104
18128
18163
18171
18181
18255
18277
18280
18330
18336
18343
18381
18416
18466
18503
18532
18550
18582
18623
18627
18628
18700
18709
18730
18730
18747
18763
18795
18804
18870
18899
18910
18913
18927
18934
18935
18946
18947
19010
19037
19067
19071
19089
19154
19185
19189
19196
19277
19287
19339
19365
19386
19403
19414
19427
19442
19451
19457
19542
19576
19581
19639
19753
19767
19782
19819
19821
19830
19861
19870
19920
19927
19934
19950
19953
19994
20004
20006
20014
20068
20090
20106
20120
20221
20293
20360
20363
20364
20375
20420
20437
20468
20565
20580
20605
20610
20638
20649
20691
20929
20934
20963
20983
21026
21027
21038
21043
21061
21137
21164
21189
21228
21254
21266
21267
21319
21345
21348
21357
21365
21396
21412
21433
21447
21466
21477
21499
21523
21535
21595
21600
21625
21649
21692
21725
21733
21800
21802
21811
21813
21825
21836
21849
21883
21919
21988
21992
22021
22040
22044
22068
22076
22077
22080
22149
22157
22161
22185
22194
22202
22216
22221
22275
22310
22320
22340
22374
22383
22409
22429
22430
22436
22440
22443
22461
22604
22642
22679
22730
22738
22757
22790
22825
22829
22844
22848
22872
22884
22890
22891
22937
22981
23004
23014
23017
23020
23030
23037
23050
23055
23074
23082
23095
23111
23139
23167
23193
23201
23211
23220
23226
23231
23246
23266
23269
23284
23302
23318
23337
23359
23420
23421
23432
23445
23447
23468
23472
23480
23491
23494
23503
23512
23517
23525
23533
23546
23560
23626
23640
23673
23686
23720
23751
23792
23810
23822
23825
23826
23903
23909
23913
23915
23918
23952
23962
23985
23995
24028
24036
24040
24062
24129
24190
24287
24308
24324
24348
24356
24373
24386
24411
24415
24450
24452
24458
24470
24475
24501
24528
24567
24596
24600
24608
24615
24617
24618
24621
24644
24646
24694
24720
24725
24730
24735
24741
24742
24763
24767
24772
24773
24812
24830
24833
24865
24873
24888
24908
24914
24931
24932
24933
24945
24961
24976
25028
25031
25070
25071
25072
25086
25091
25100
25130
25160
25168
25206
25210
25222
25237
25241
25246
25283
25306
25309
25369
25399
25422
25423
25444
25463
25477
25509
25511
25534
25564
25602
25622
25657
25661
25697
25701
25723
25728
25730
25744
25748
25812
25823
25830
25898
25915
25919
25956
25961
25980
25981
25990
26018
26033
26038
26040
26052
26065
26070
26092
26100
26103
26105
26130
26139
26155
26182
26195
26207
26230
26238
26282
26305
26318
26337
26368
26379
26384
26531
26546
26552
26560
26563
26575
26592
26595
26613
26630
26636
26643
26654
26666
26679
26689
26710
26757
26807
26828
26832
26837
26840
26909
26925
26964
26984
27008
27009
27017
27020
27056
27064
27078
27089
27125
27145
27157
27173
27205
27263
27277
27297
27339
27341
27404
27409
27443
27447
27461
27485
27510
27532
27535
27536
27546
27571
27572
27631
27634
27662
27682
27704
27715
27731
27779
27784
27791
27811
27822
27838
27839
27849
27850
27890
27895
27908
27943
27957
27959
27963
28003
28006
28050
28065
28076
28082
28127
28142
28145
28153
28182
28195
28208
28212
28275
28288
28306
28312
28339
28340
28355
28362
28388
28392
28462
28475
28486
28491
28493
28516
28522
28533
28550
28581
28593
28602
28614
28622
28629
28633
28658
28708
28729
28761
28775
28777
28786
28788
28813
28828
28832
28863
28868
28884
28901
28927
28938
28959
28974
29017
29018
29036
29054
29061
29088
29100
29104
29122
29176
29192
29193
29208
29230
29234
29268
29282
29299
29323
29358
29372
29384
29426
29432
29437
29452
29456
29496
29498
29509
29519
29532
29549
29564
29591
29592
29610
29613
29636
29640
29644
29663
29666
29690
29752
29760
29769
29771
29841
29868
29938
29940
29971
29994
30030
30052
30063
30088
30122
30151
30170
30209
30212
30213
30235
30238
30242
30255
30262
30271
30274
30289
30295
30315
30327
30341
30363
30366
30369
30372
30375
30398
30399
30404
30406
30407
30413
30465
30483
30489
30491
30492
30500
30517
30530
30566
30584
30593
30613
30720
30747
30775
30791
30833
30856
30870
30885
30898
30916
30925
30927
30930
30935
30940
30946
30954
30958
30985
30998
31008
31010
31019
31024
31026
31034
31040
31049
31052
31064
31068
31075
31085
31092
31093
31111
31112
31114
31116
31130
31140
31150
31167
31198
31202
31204
31222
31234
31269
31270
31276
31277
31283
31325
31334
31355
31358
31359
31370
31413
31416
31420
31422
31438
31447
31453
31456
31467
31469
31486
31493
31548
31556
31571
31577
31597
31598
31614
31635
31667
31694
31723
31749
31751
31754
31795
31799
31816
31835
31845
31852
31857
31886
31941
31957
31963
31965
31976
32001
32010
32012
32019
32059
32083
32093
32118
32131
32134
32157
32164
32184
32202
32205
32216
32234
32294
32318
32358
32365
32376
32382
32400
32404
32418
32433
32444
32448
32463
32474
32483
32497
32523
32547
32552
32553
32559
32561
32587
32607
32628
32633
32656
32685
32704
32721
32729
32732
32779
32794
32818
32829
32837
32852
32854
32859
32861
32871
32877
32884
32885
32892
32900
32942
32969
32971
32974
32980
33001
33008
33012
33020
33045
33076
33088
33105
33108
33113
33153
33173
33179
33193
33205
33210
33213
33221
33239
33244
33275
33283
33299
33330
33342
33357
33368
33371
33388
33391
33398
33406
33409
33413
33436
33450
33453
33464
33467
33469
33474
33476
33480
33485
33489
33505
33563
33575
33585
33628
33640
33655
33667
33694
33718
33756
33762
33767
33769
33803
33805
33808
33815
33822
33831
33833
33884
33925
33929
33936
33943
33955
33986
33991
34001
34007
34012
34018
34030
34033
34036
34049
34050
34070
34093
34124
34134
34195
34196
34198
34203
34204
34209
34212
34243
34250
34257
34283
34315
34318
34338
34351
34355
34371
34375
34424
34430
34442
34487
34494
34505
34525
34530
34535
34539
34543
34561
34563
34570
34581
34618
34622
34636
34638
34647
34651
34669
34716
34719
34726
34731
34732
34744
34747
34786
34795
34815
34838
34850
34856
34947
34950
34951
34954
34968
34983
34996
35005
35014
35016
35026
35047
35057
35068
35083
35092
35112
35130
35163
35175
35192
35196
35202
35219
35221
35227
35249
35265
35277
35283
35286
35293
35294
35300
35311
35314
35343
35377
35396
35409
35424
35448
35501
35519
35526
35534
35538
35563
35581
35591
35599
35613
35680
35688
35694
35709
35745
35758
35780
35785
35807
35816
35820
35836
35876
35900
35904
35907
35908
35914
35917
35920
36000
36004
36025
36037
36053
36069
36089
36128
36134
36171
36187
36191
36199
36229
36254
36269
36286
36293
36298
36322
36331
36340
36363
36391
36396
36440
36442
36450
36472
36486
36488
36502
36507
36516
36541
36550
36553
36566
36576
36583
36619
36649
36659
36671
36675
36680
36709
36722
36727
36729
36731
36735
36780
36792
36797
36828
36915
36956
36969
37006
37043
37050
37056
37058
37065
37066
37106
37108
37131
37154
37182
37187
37198
37205
37210
37221
37223
37246
37254
37268
37269
37286
37294
37300
37329
37347
37368
37369
37374
37399
37409
37461
37463
37503
37519
37525
37542
37543
37554
37579
37580
37595
37605
37653
37655
37670
37692
37695
37704
37735
37756
37761
37780
37793
37805
37830
37855
37856
37896
37898
37904
37905
37929
37932
37945
37955
37966
37972
38007
38011
38028
38074
38106
38136
38137
38139
38146
38158
38159
38191
38202
38218
38258
38296
38305
38318
38319
38335
38339
38363
38409
38422
38423
38439
38441
38449
38458
38460
38466
38496
38517
38541
38542
38557
38559
38608
38618
38620
38624
38631
38640
38650
38652
38658
38671
38704
38721
38722
38727
38730
38750
38761
38765
38793
38796
38821
38834
38835
38844
38847
38848
38859
38872
38875
38876
38883
38884
38907
38954
38972
38977
38990
38994
39007
39035
39042
39050
39072
39081
39095
39097
39102
39103
39112
39139
39143
39146
39149
39156
39162
39177
39201
39203
39242
39244
39284
39288
39337
39344
39353
39382
39387
39393
39407
39430
39485
39495
39509
39526
39541
39558
39563
39566
39572
39591
39619
39627
39639
39640
39645
39666
39675
39679
39682
39702
39709
39713
39728
39749
39769
39776
39795
39801
39820
39824
39852
39855
39871
39890
39892
39898
39909
39926
39935
39943
39950
39957
39960
39976
39992
40013
40017
40046
40047
40068
40071
40084
40092
40102
40105
40139
40140
40150
40168
40184
40196
40197
40201
40255
40266
40280
40288
40305
40314
40321
40341
40346
40359
40361
40365
40417
40418
40430
40434
40452
40460
40484
40489
40509
40538
40540
40541
40542
40547
40550
40554
40577
40605
40613
40617
40653
40661
40665
40671
40692
40693
40695
40696
40705
40721
40725
40726
40736
40755
40766
40786
40798
40800
40818
40831
40892
40896
40910
40913
40915
40922
40930
40935
40946
40952
40958
40973
41015
41022
41038
41049
41061
41095
41134
41137
41162
41174
41177
41181
41198
41203
41233
41257
41265
41267
41296
41304
41305
41330
41347
41403
41411
41424
41442
41453
41467
41479
41496
41514
41521
41535
41553
41565
41572
41579
41594
41601
41613
41636
41648
41716
41717
41732
41736
41741
41755
41757
41779
41800
41816
41817
41818
41820
41829
41837
41847
41852
41858
41861
41872
41879
41892
41895
41896
41898
41924
41934
41935
41941
42000
42006
42024
42041
42051
42071
42083
42088
42121
42151
42163
42173
42185
42221
42229
42231
42233
42241
42250
42253
42264
42287
42334
42356
42383
42425
42438
42456
42477
42491
42500
42519
42556
42565
42573
42590
42605
42650
42659
42662
42668
42693
42694
42695
42701
42704
42744
42750
42752
42785
42790
42797
42830
42857
42872
42874
42891
42896
42898
42899
42901
42929
42942
42947
42967
42973
42981
42999
43004
43010
43019
43062
43067
43081
43084
43087
43100
43101
43112
43117
43147
43154
43183
43184
43213
43231
43236
43237
43246
43263
43309
43319
43332
43342
43351
43352
43373
43374
43384
43397
43398
43400
43402
43433
43443
43458
43478
43479
43492
43498
43534
43542
43553
43559
43566
43590
43620
43633
43639
43646
43649
43656
43662
43693
43710
43758
43760
43775
43801
43803
43807
43812
43818
43826
43834
43848
43856
43876
43886
43902
43905
43914
43950
43954
43955
43961
43978
44004
44022
44045
44048
44064
44086
44089
44090
44092
44101
44112
44125
44157
44167
44175
44177
44202
44219
44222
44246
44250
44259
44292
44309
44316
44327
44367
44375
44385
44391
44405
44424
44440
44445
44488
44509
44514
44535
44536
44545
44555
44560
44564
44567
44577
44591
44601
44624
44638
44655
44670
44692
44698
44728
44763
44775
44778
44781
44791
44804
44814
44820
44839
44850
44858
44868
44884
44897
44920
44937
44939
44959
44966
44990
44998
45033
45052
45053
45061
45064
45074
45087
45097
45111
45122
45129
45134
45135
45137
45141
45155
45185
45190
45192
45203
45207
45215
45222
45232
45239
45242
45246
45259
45273
45289
45290
45309
45322
45325
45331
45399
45403
45408
45413
45424
45438
45447
45453
45463
45473
45495
45509
45569
45590
45596
45609
45615
45621
45636
45661
45686
45691
45706
45725
45750
45752
45756
45758
45765
45773
45776
45782
45809
45818
45821
45831
45837
45845
45846
45856
45869
45872
45873
45885
45904
45913
45928
45958
45975
46014
46035
46045
46046
46047
46056
46110
46115
46144
46153
46156
46170
46171
46186
46193
46202
46206
46210
46219
46220
46252
46284
46286
46289
46293
46317
46329
46358
46367
46380
46381
46397
46417
46473
46510
46525
46532
46539
46591
46597
46614
46618
46636
46645
46661
46681
46722
46728
46737
46778
46787
46802
46804
46830
46866
46867
46879
46889
46912
46916
46934
46940
46985
47011
47021
47030
47034
47036
47046
47057
47106
47109
47115
47128
47163
47167
47177
47186
47230
47251
47262
47277
47278
47281
47289
47301
47318
47320
47330
47340
47345
47362
47374
47388
47396
47417
47423
47433
47448
47455
47458
47468
47473
47513
47514
47521
47565
47603
47612
47616
47630
47673
47676
47723
47727
47732
47734
47736
47747
47791
47801
47807
47827
47842
47872
47873
47874
47875
47880
47891
47899
47900
47905
47928
47948
47957
47984
47991
48010
48043
48051
48099
48104
48112
48115
48118
48120
48132
48167
48174
48177
48181
48184
48185
48187
48190
48202
48223
48224
48229
48271
48273
48289
48323
48363
48366
48367
48368
48372
48385
48426
48457
48480
48504
48518
48521
48525
48531
48549
48566
48597
48605
48621
48622
48628
48631
48670
48672
48690
48692
48699
48712
48719
48729
48736
48761
48774
48790
48817
48833
48862
48872
48930
48956
49016
49023
49032
49050
49058
49059
49064
49065
49073
49087
49102
49124
49137
49151
49166
49184
49191
49203
49225
49232
49236
49264
49268
49273
49288
49305
49318
49327
49341
49348
49357
49373
49386
49388
49410
49439
49448
49467
49468
49470
49480
49544
49558
49561
49566
49582
49600
49601
49606
49616
49624
49628
49629
49630
49657
49667
49674
49693
49698
49725
49729
49754
49769
49776
49802
49812
49820
49842
49845
49861
49864
49867
49872
49877
49888
49889
49939
49992
49998
50016
50020
50047
50068
50080
50081
50109
50116
50157
50166
50171
50196
50221
50227
50231
50262
50284
50317
50326
50333
50334
50347
50388
50400
50403
50408
50413
50438
50482
50490
50491
50512
50521
50551
50553
50560
50616
50629
50692
50718
50729
50739
50754
50763
50802
50818
50820
50927
50930
50938
50939
50957
50989
50998
51006
51041
51047
51073
51136
51149
51239
51258
51303
51314
51362
51386
51391
51417
51441
51452
51455
51490
51499
51523
51524
51540
51547
51565
51632
51647
51653
51657
51670
51747
51749
51787
51789
51936
51945
51948
51971
52068
52082
52122
52125
52146
52191
52208
52220
52281
52284
52297
52333
52360
52411
52419
52470
52501
52521
52565
52577
52670
52683
52714
52722
52732
52734
52754
52765
52784
52809
52857
52871
52888
52925
52944
52956
52973
52975
52992
52999
53020
53037
53050
53080
53210
53225
53238
53250
53255
53332
53351
53352
53360
53373
53387
53458
53462
53475
53481
53492
53560
53570
53598
53614
53619
53633
53703
53712
53811
53844
53892
53928
53945
53947
53954
54029
54033
54059
54063
54081
54090
54101
54126
54161
54176
54200
54206
54224
54298
54302
54307
54333
54355
54366
54367
54393
54399
54410
54411
54479
54497
54510
54528
54529
54538
54539
54586
54587
54647
54657
54671
54693
54720
54736
54774
54798
54800
54842
54849
54857
54862
54866
54867
54894
54898
54958
55063
55073
55089
55091
55152
55153
55191
55218
55237
55248
55257
55258
55316
55319
55320
55321
55328
55341
55352
55369
55380
55381
55383
55421
55445
55485
55495
55503
55505
55540
55541
55558
55639
55658
55666
55698
55702
55731
55740
55824
55834
55877
55935
55940
55959
55999
56021
56032
56041
56102
56121
56133
56159
56177
56182
56256
56261
56265
56284
56286
56308
56318
56327
56337
56338
56344
56405
56406
56464
56477
56514
56519
56571
56620
56630
56686
56692
56734
56739
56749
56752
56756
56768
56790
56851
56866
56867
56909
56940
56983
57080
57116
57171
57172
57176
57185
57187
57195
57220
57252
57289
57308
57318
57349
57385
57386
57401
57410
57441
57447
57450
57487
57497
57509
57524
57541
57591
57612
57620
57640
57700
57707
57711
57750
57765
57775
57776
57778
57911
57939
57942
57979
57988
58003
58034
58040
58052
58058
58066
58094
58108
58189
58191
58204
58206
58208
58224
58275
58282
58318
58374
58468
58474
58483
58489
58493
58563
58624
58707
58724
58726
58741
58743
58760
58801
58818
58821
58842
58844
58849
58871
58921
58977
58983
58993
59010
59019
59021
59023
59030
59033
59039
59042
59056
59101
59110
59114
59126
59150
59157
59161
59174
59176
59192
59207
59216
59222
59240
59279
59324
59353
59390
59410
59451
59474
59498
59533
59546
59570
59590
59660
59678
59699
59714
59753
59755
59761
59770
59776
59779
59782
59798
59847
59855
59893
59902
59949
59970
59978
59984
59985
59986
60038
60047
60125
60137
60142
60143
60148
60165
60208
60257
60267
60269
60279
60303
60354
60377
60378
60391
60398
60409
60427
60446
60448
60535
60549
60576
60586
60603
60613
60675
60693
60728
60817
60835
60857
60875
60917
60919
60922
60973
61039
61061
61081
61086
61155
61192
61195
61223
61265
61300
61350
61354
61452
61469
61479
61508
61512
61513
61521
61556
61557
61560
61569
61573
61595
61612
61614
61664
61668
61679
61699
61713
61719
61720
61750
61764
61795
61816
61829
61842
61862
61865
61872
61892
61949
61955
61982
61986
61990
61993
62042
62043
62052
62066
62158
62170
62202
62205
62208
62252
62261
62266
62281
62305
62360
62369
62370
62396
62398
62410
62439
62449
62464
62481
62483
62488
62498
62503
62536
62565
62618
62638
62673
62677
62694
62695
62732
62735
62751
62777
62778
62801
62811
62832
62855
62880
62881
62884
62893
62913
62933
62943
62955
62966
62989
62996
63039
63051
63060
63066
63082
63111
63119
63167
63185
63199
63221
63244
63251
63257
63321
63324
63339
63352
63357
63390
63399
63413
63454
63500
63551
63558
63564
63565
63569
63583
63584
63589
63612
63639
63667
63689
63694
63699
63765
63787
63804
63846
63865
63909
64023
64050
64089
64094
64101
64126
64131
64135
64187
64196
64197
64203
64237
64266
64274
64277
64310
64361
64364
64421
64440
64475
64481
64518
64558
64581
64626
64640
64680
64741
64749
64777
64800
64826
64828
64869
64876
64881
64882
64901
64916
64947
64968
65005
65008
65035
65040
65064
65109
65121
65126
65147
65294
65305
65309
65371
65372
65403
65418
65435
65444
65467
65491
65495
65523
65524
65549
65561
65568
65594
65601
65619
65622
65634
65647
65649
65653
65675
65708
65781
65854
65859
65908
66022
66024
66038
66096
66137
66139
66152
66178
66232
66263
66272
66285
66287
66342
66430
66447
66452
66466
66474
66478
66486
66488
66514
66537
66543
66548
66559
66586
66639
66641
66648
66656
66663
66701
66714
66778
66810
66823
66827
66846
66875
66884
66886
66907
66908
66921
66936
66959
66997
67001
67017
67023
67041
67055
67104
67122
67132
67157
67190
67217
67294
67302
67306
67335
67337
67346
67396
67445
67478
67479
67494
67501
67504
67514
67519
67530
67532
67537
67553
67554
67582
67611
67664
67667
67684
67716
67762
67765
67770
67781
67789
67800
67801
67813
67816
67840
67842
67895
67912
67920
67928
67941
67980
68002
68027
68045
68054
68185
68197
68204
68222
68243
68275
68283
68315
68336
68362
68380
68392
68433
68506
68515
68531
68573
68624
68638
68693
68717
68767
68792
68797
68835
68842
68862
68865
68881
68891
68901
68903
68930
68953
68967
68976
69000
69029
69035
69089
69102
69117
69123
69158
69201
69279
69285
69356
69366
69384
69417
69424
69431
69442
69454
69476
69479
69487
69490
69518
69519
69525
69605
69625
69630
69649
69667
69734
69751
69789
69798
69806
69816
69840
69866
69892
69954
69956
69963
69994
69995
70009
70034
70081
70091
70147
70193
70207
70209
70212
70232
70281
70292
70297
70378
70413
70431
70486
70512
70528
70572
70579
70582
70597
70614
70641
70644
70674
70675
70684
70718
70759
70870
70915
70956
70958
70962
71121
71148
71158
71159
71177
71190
71313
71329
71331
71351
71373
71388
71465
71478
71530
71552
71590
71594
71629
71650
71713
71733
71778
71800
71814
71855
71866
71931
71962
71963
71991
72001
72017
72024
72057
72086
72131
72138
72142
72143
72158
72194
72196
72202
72214
72221
72230
72260
72338
72350
72363
72373
72420
72437
72443
72447
72465
72466
72474
72482
72551
72591
72597
72613
72651
72691
72718
72749
72759
72830
72844
72866
72911
72935
72984
73014
73040
73070
73114
73116
73138
73145
73159
73176
73256
73279
73313
73334
73336
73394
73400
73431
73440
73469
73521
73537
73581
73597
73630
73707
73781
73784
73787
73807
73840
73841
73867
73884
73943
73967
73986
73989
74010
74028
74043
74077
74099
74120
74150
74151
74169
74194
74196
74197
74241
74246
74255
74256
74265
74270
74327
74341
74357
74358
74371
74409
74410
74414
74421
74425
74540
74592
74695
74702
74722
74743
74753
74792
74838
74855
74883
74895
74943
74951
74955
74972
75005
75018
75093
75118
75134
75184
75218
75252
75261
75265
75279
75281
75296
75327
75355
75510
75538
75579
75620
75655
75661
75671
75677
75756
75760
75786
75816
75824
75832
75850
75887
75901
75911
75939
75954
75962
75984
76012
76030
76047
76060
76084
76110
76120
76123
76132
76156
76171
76173
76243
76261
76265
76266
76270
76285
76298
76325
76333
76360
76389
76390
76405
76422
76436
76497
76515
76548
76566
76569
76579
76590
76598
76630
76637
76678
76679
76755
76756
76787
76791
76792
76799
76806
76821
76839
76926
76952
76953
76960
76985
76993
77007
77016
77029
77061
77121
77195
77263
77268
77283
77293
77316
77322
77323
77355
77411
77426
77428
77445
77468
77529
77556
77593
77630
77662
77743
77768
77826
77845
77858
77875
77886
77896
77910
77929
77960
77965
78005
78024
78030
78045
78052
78061
78095
78228
78232
78238
78239
78240
78264
78304
78315
78369
78389
78411
78418
78425
78480
78493
78502
78540
78550
78570
78597
78603
78643
78718
78739
78751
78762
78807
78809
78817
78818
78834
78835
78841
78856
78932
79049
79054
79073
79075
79080
79099
79118
79148
79154
79196
79214
79227
79232
79252
79293
79301
79322
79341
79345
79397
79407
79423
79557
79568
79595
79611
79613
79629
79638
79654
79683
79692
79718
79729
79738
79777
79781
79790
79821
79833
79843
79873
79874
79902
79941
79976
79997
80007
80023
80026
80045
80058
80071
80106
80108
80133
80142
80145
80158
80160
80161
80170
80172
80201
80236
80302
80314
80351
80388
80390
80403
80409
80414
80419
80485
80509
80582
80592
80618
80648
80676
80683
80684
80686
80715
80730
80743
80765
80790
80836
80848
80850
80874
80881
80909
80920
80934
80937
80945
80954
80978
81012
81040
81088
81094
81134
81198
81277
81278
81279
81291
81300
81334
81353
81416
81436
81445
81523
81533
81553
81575
81580
81610
81618
81697
81707
81718
81741
81745
81772
81829
81857
81864
81894
81897
81917
81951
81962
81974
81995
82066
82096
82097
82119
82142
82145
82156
82184
82247
82258
82266
82328
82333
82337
82338
82405
82427
82443
82475
82520
82522
82525
82540
82555
82559
82567
82589
82616
82629
82681
82695
82760
82775
82783
82804
82828
82870
82883
82938
82944
82949
82958
82970
83073
83101
83104
83106
83168
83204
83216
83217
83219
83227
83266
83270
83278
83283
83294
83304
83306
83315
83334
83345
83380
83388
83408
83411
83426
83441
83471
83512
83568
83594
83602
83622
83625
83686
83697
83703
83751
83755
83757
83774
83790
83792
83820
83853
83874
83877
83899
83944
83945
84001
84025
84029
84074
84078
84087
84123
84125
84134
84156
84201
84240
84316
84392
84431
84437
84447
84495
84504
84513
84534
84540
84541
84568
84581
84588
84599
84603
84617
84619
84670
84674
84686
84693
84700
84706
84756
84787
84794
84829
84840
84858
84895
84945
84956
84962
84974
84977
84978
84996
85078
85153
85162
85171
85241
85244
85250
85280
85282
85287
85303
85334
85344
85348
85392
85397
85402
85445
85473
85484
85493
85501
85518
85542
85573
85609
85616
85690
85691
85734
85744
85782
85800
85810
85811
85820
85857
85871
85890
85911
85925
85930
85938
85940
85949
85975
86014
86075
86080
86113
86121
86137
86146
86183
86199
86229
86278
86282
86286
86300
86335
86380
86386
86441
86453
86480
86484
86485
86488
86516
86547
86567
86588
86603
86605
86633
86644
86667
86728
86811
86819
86830
86882
86884
86902
86911
86928
86943
86946
86957
86972
86983
87042
87048
87049
87099
87104
87110
87155
87183
87196
87225
87243
87258
87266
87286
87332
87340
87344
87404
87444
87468
87532
87573
87577
87598
87639
87645
87680
87693
87695
87698
87699
87707
87725
87738
87748
87761
87799
87857
87872
87879
87883
87893
87927
87945
87969
87971
87991
88037
88038
88039
88091
88109
88110
88116
88119
88132
88230
88233
88239
88240
88253
88359
88383
88414
88422
88435
88483
88520
88579
88595
88603
88632
88641
88689
88702
88724
88743
88793
88802
88847
88856
88857
88866
88871
88893
88936
88944
88995
89042
89091
89160
89190
89191
89236
89251
89259
89285
89328
89329
89338
89349
89350
89372
89407
89435
89454
89466
89484
89488
